March 9th, 2020
March 2nd, 2021
CoxRossRubinstein
with oscillation
360     12.67449686
361     12.67902568
362     12.685347
363     12.68132474
364     12.67514563
365     12.68159961
366     12.68515567
367     12.67884421
368     12.68505241
369     12.68210949
without oscillation
360     12.68312372
361     12.68306574
362     12.6831157
363     12.68305852
364     12.68310799
365     12.68305395
366     12.68309911
367     12.68304846
368     12.68308896
369     12.68304378
JarrowRudd
with oscillation
360     12.67894614
361     12.67541614
362     12.68187914
363     12.68519331
364     12.67882015
365     12.68508975
366     12.68233233
367     12.67619844
368     12.68254214
369     12.68486484
without oscillation
360     12.68313769
361     12.68318579
362     12.68313385
363     12.68317575
364     12.683132
365     12.68316703
366     12.68313012
367     12.68315764
368     12.6831268
369     12.68314718
Tian
with oscillation
360     12.67640824
361     12.67794436
362     12.68421308
363     12.6828218
364     12.67633949
365     12.68276124
366     12.68425773
367     12.67809943
368     12.68428511
369     12.68265345
without oscillation
360     12.68277667
361     12.68276507
362     12.68276217
363     12.68275281
364     12.68275421
365     12.68274622
366     12.68275035
367     12.6827444
368     12.68275054
369     12.68274606
Number of timeSetps to reach 0.0001 of precision:
CoxRossRubinstein
with oscillation
387
without oscillation
71
Running Time Evaluation
CoxRossRubinstein
with oscillation
10000   12.68152276
4.999999874e-06 seconds to process
without oscillation
10000   12.68161866
9.999999747e-06 seconds to process

